-26
74
-24
58
00000000000000000000000000000000000000000000000000000000000000000000000000000000000000000000000000000
00000000000000000000000000000000000022222222222222222222222222222222222222222222222222222222222222220
00000000000000000000000000000000000022222222222222222222222222222222222222222222222222222222222222220
00000000000000000000000000000000000022222222222222222222222222222222222222222222222222222222222222220
00000000000000000000000000000000000022222222222222222222222222222222222222222222222222222222222222220
00000000000000000000000000000000000022222222211111111111222222221111111122222111111122222211111122220
00000000000000000000000000000000000022222222111111111111222221111111111122222111111122222211111122220
00000000000000000000000000000000000022222222111111111111222221111111111122221111111222222111111122220
00000000000000000000000000000000000022222221111111111111222111111111111122221111111222221111111122220
00000000000000000000000000000000000022222211111111111111111111111111111122211111111222221111111122220
00000000000000000000000000000000000022222111111111111111111111111111111111111111111111111111111122220
00000000000000000000000000000000000022221111111111111111111111111111111111111111111111111111111122220
00000000000000000000000000000000000022211111111111111111111111111111111111111111111111111111111122220
00000000000000000000000000000000000022111111111111111111111111111111111111111111111111111111111122220
00000000000000000000000000000000000022111111111111111111111111111111111111111111111111111111111122220
00000000000000000000000000000000000022111111111111111112222222111111111111111111111111111111111122220
00000000000000000000000000000000000022111111111111111222222222111111111111111111111111222211111122220
00000000000000000000000000000000000022111111111111112222200022111111111111111111111112222211111122220
00000000000000000000000000000000000022111111111111112222200022111111111111111111111122222211111122220
00000000000000000000000000000000000022111111111111112222200022222222222222222222222222222211111122220
00000000000000000000000000000000000022111111111111112222200022222222222222222222222222222211111122220
00000000000000000000000000000000000221111111111111112222200000000000000000000000000000022211111122220
00000000000000000000222222222222222211111111111111111112200000000000000000000000000000022211111122220
00000000000000000000222222222222222111111111111111111112200000000000000000000000000000022222222222220
00000000000000000000222222222222221111111111111111111112222222222222222222222200000000022222222222220
00000000000000000000222222222211111111111111111111111112222222222222222211112200000000000000000000000
00000000000000000000221111111111111111111111111111111111111111111111222211112200000000000000000000000
00000000000000000000221111111111111111111111111111111111111111111111222211112200000000000000000000000
00000000000000000000221111111111111111111111111111111111111111111111222111112200000000000000000000000
00000000000000000000221111111111111111111111111111111111111111111111222111112200000000000000000000000
00000000000000000000211111111111111111111111111111111111111111111111111111112200000000000000000000000
00000000000000000000211111111111111111111111111111111111111111111111111111112200000000000000000000000
00000000000000000000211111111111111111111111111111111111111111111111111111112200000000000000000000000
00000000000000000000211111111111111111111111111111111111111111111111111111112200000000000000000000000
00000000000000000000211111111111111111111111111111111111111111111111111111112200000000000000000000000
00000000000000000000211111111111111111111111111111111111111111111111111111112200000000000000000000000
00000000000000000000211111111111111111111111111111111111111222222211111111112200000000000000000000000
00000000000000000000211111111111111111111111111111111111112200000211111111112200000000000000000000000
00000000000000000000211111111111111111111111111111111111222000000211111111112200000000000000000000000
00000000000000000000211112222222222222222211111222211111200000002211111111112200000000000000000000000
00000000000000000000211112222222222222222222222222211111200000002111111222222200000000000000000000000
00000000000000000000222222222222222222222222222222211111200000222111122200022200000000000000000000000
00000000000000000000222222222222222222222222222221111111200000211111220000022200000000000000000000000
00000000000000000000222222000000000000022222222211111111200002211111200000022200000000000000000000000
00000000000000000000000000000000000000022222222111111111222222111111200000022200000000000000000000000
00000000000000000000000000110000000000022222221111111111221111111111222222222200000000000000000000000
00000000000000000000000001110000011111122222211111111111111111111111111111122200000000000000000000000
00000000000000000000000001110000111111122222111111111111111111111111111111122200000000000000000000000
00000000000000000000000111110001111111122221111111111111111111111111111111122200000000000000000000000
00000000000000000000000111111111111111111111111111111111111111111111111112222200000000000000000000000
00000000000000000000000111111111111111111111111111111111111111111111111220022200000000000000000000000
00000022222222222222221111111111111111111111111111111111111111111111111200022200000000000000000000000
00000022222222222222221111111111111111111111122222111111111111111111111200022200000000000000000000000
00000022221122222222211111111111111111111111222222111111111111111111111222222200000000000000000000000
00000022211122222222111111111111111111111111222222111111111111111111111111110000000000000000000000000
22222222211122222221111111111111111111111112222222111111111111111122211111110000000000000000000000000
22222221111122222221111111111111111111111122222222111111111111111120211111110000000000000000000000000
22111111111111111111111111111111111111111222222222111111111111112220222211110000000000000000000000000
22111111111111111111111111111111111111112222222222111111111111112000000211110000000000000000000000000
22111111111111111111111111111111111111112222222222111111111001112000002211110000000000000000000000000
22111111111111111122211111111111111111112222222222111111110001112222222111110000000000000000000000000
22111111111111111222211111111111111111112222000002111111000001111111111111110000000000000000000000000
22111111111111112222211111111111111111112220000002111111000001111111111111110000000000000000000000000
22111111111111112222221111111111111111112220000002000000000001111111111111110000000000000000000000000
22111111111111112222221111111111111222222220000000000000000001111111111111110000000000000000000000000
22111111111111222200021111111111122222222220000000000000000001111111111111110000000000000000000000000
22111111111112222200021111111111222222222220000000000000000001111111111111110000000000000000000000000
22111111111122220000021111112222222222222220000000000000000001111111111111110000000000000000000000000
22111111112222200000022222222222222222222220000000000000001111111111111111110000000000000000000000000
22111111112222000000022222222222222222222220000000000000001111111111111111110000000000000000000000000
22111111222220000000000000000000000000000000000000000000001111111111111111110000000000000000000000000
22222222222200000000000000000000000000000000000000000000001111111111111111110000000000000000000000000
22222222222200000000000000000000000000000000000000000000001111111111111111110000000000000000000000000
00000000000000000000000000000000000000000000000000000000011111111111111111110000000000000000000000000
00000000000000000000000000000000000000000000000000000000011111111111111111110000000000000000000000000
00000000000000000000000000000000000000000000000000000000011111111111111111110000000000000000000000000
00000000000000000000000000000000000000000000000000000000011111111111111111110000000000000000000000000
00000000000000000000000000000000000000000000000000000000011111111111111111110000000000000000000000000
00000000000000000000000000000000000000000000000000000000011111111111111111110000000000000000000000000
00000000000000000000000000000000000000000000000000000000000000111111111111110000000000000000000000000
00000000000000000000000000000000000000000000000000000000000000111111111111110000000000000000000000000
00000000000000000000000000000000000000000000000000000000000000111111111111110000000000000000000000000
00000000000000000000000000000000000000000000000000000000000000111111111111110000000000000000000000000
